#!/usr/bin/env python2
# -*- coding: utf-8 -*-
"""
Created on Sat Mar  2 15:37:17 2019

@author: Dartoon
"""
[{'R_sersic': 1.3713299401398173,
  'amp': 0.20434637570059044,
  'center_x': -0.06111424036437981,
  'center_y': 0.0545903676660483,
  'e1': 0.2156648032691756,
  'e2': 0.05485571232180497,
  'n_sersic': 2.265316469564106},
 {'R_sersic': 13.575836632944947,
  'amp': 0.0004001297032835138,
  'center_x': 0.41178708308238154,
  'center_y': -0.09237873002800369,
  'e1': -0.4990906852026463,
  'e2': -0.4962131445416049,
  'n_sersic': 1.0},
 {'R_sersic': 8.422896005927571,
  'amp': 0.020898881708166728,
  'center_x': -0.4236733129495549,
  'center_y': 0.2696617084551867,
  'e1': 0.3024019144191502,
  'e2': -0.1822230805152068,
  'n_sersic': 0.5}]

image_host[0].sum() = 2645.817
image_host[1].sum() = 71.3118
image_host[2].sum() = 4229.30

[{'dec_image': array([0.00446871]),
  'point_amp': array([901.14527758]),
  'ra_image': array([-0.02492867])}]